13.49567011206959,19.321675927864852,5.4125
13.539355008623517,19.363467479904198,5.404741864182556
13.597243380729594,19.418181706893844,5.396618090098558
13.668739559480553,19.48529662730152,5.388128195880704
13.752910739406122,19.563990508917048,5.379267927466865
13.848553911112852,19.653200246612517,5.370025970382924
13.954262793924023,19.75167974010244,5.360380661525623
14.06849476851946,19.85805827170395,5.350296700945396
14.189637809575405,19.970898884096915,5.339721863629226
14.316077418404362,20.08875675808416,5.328583711283478
14.446282477047962,20.210252103167463,5.316786684229349
14.578921354881622,20.334167035241293,5.304214641422235
14.712829622887218,20.45942701653984,5.290740194337452
14.846994584402449,20.585091565691652,5.27623394547523
14.980557383719718,20.71035800888919,5.260573552627843
15.112815114684985,20.834565231058352,5.243652793146735
15.24322292929665,20.957197427028028,5.225390628209649
15.371396146304402,21.077887852699625,5.205740267087759
15.497112359808101,21.196422576216598,5.184698231412794
15.620305990221283,21.312741848044293,5.1623133106057715
15.74102455626131,21.42691623620398,5.138692027327934
15.859404526191362,21.53911089121174,5.113994196357334
15.975657472919954,21.64956375524492,5.088424168263387
16.090053529748204,21.758565308126173,5.062221881720601
16.202904846117114,21.866438313307555,5.035653915822314
16.31454904335483,21.9735175638546,5.009004542394429
16.42533267042391,22.080129628430356,4.982566778309138
16.535594659668597,22.18657259727949,4.95663343779867
16.64565235703564,22.29309087461781,4.931486036395153
16.755796836904576,22.399831760023456,4.907363813080125
16.866278406496896,22.50684078990256,4.884439360470136
16.977293872043205,22.614076590106613,4.8628193431242295
17.0889756271388,22.721424547170336,4.842547564468791
17.201380741099214,22.82871047954955,4.823608033722397
17.314480047315797,22.93571430885903,4.805928032820665
17.428147231611263,23.042183731110356,4.789381183341108
17.54214792059529,23.14784788794981,4.773790513427974
17.656100370363788,23.25237885940039,4.75893139200889
17.769382780062195,23.355323023180468,4.744533758156143
17.88125193066181,23.456384780481685,4.7302869171336575
17.990942509429203,23.555476398079016,4.715847063536523
18.09774144082214,23.6526952969204,4.70084501491708
18.20106221738559,23.74830134071655,4.684893945411027
18.300519230647716,23.84269412453061,4.667597119363501
18.396002102015863,23.936390263367926,4.648555624955183
18.48775001367251,24.030000680765752,4.6273761078283915
18.57732328385883,24.124326061915212,4.603682813277032
18.66907249218772,24.220589395054382,4.5771714361747105
18.765528664930713,24.319863499634444,4.5476576995634765
18.866841390929775,24.42285974980922,4.51507997232795
18.971469219956163,24.52985737316218,4.479497418568034
19.076870061069307,24.64063274943346,4.441088146971631
19.18019158097567,24.754388709246847,4.400147360187349
19.278961602387625,24.86968383283682,4.3570855041972125
19.371778502382313,24.98436174877552,4.312426417689382
19.45939497683308,25.095670036715852,4.266801871610003
19.545254456574867,25.201699566831756,4.2209067653350765
19.63240692201088,25.30219479485288,4.175440936510031
19.72292385401985,25.398112153457845,4.131079767462053
19.81801119939248,25.491110813649623,4.088447995786818
19.91812233626794,25.583043446130983,4.048093524935245
20.02307103957029,25.67544698267986,4.010461234800232
20.132144446444983,25.769033377524785,3.9758667923033997
20.2442160216953,25.863180368720307,3.9444704619818336
20.358043583110366,25.95606912891405,3.9162520834698085
20.472998898902457,26.047030583135566,3.891005940369644
20.588683652066784,26.135932651273258,3.868369546684776
20.704768498286676,26.22275126459824,3.8478592647915013
20.820996335873957,26.307585782382375,3.828905784320656
20.937185575709307,26.390674408516375,3.810889601039299
21.05323341118263,26.47240960812782,3.7931764957323866
21.169119088133385,26.553353524199252,3.775153013084455
21.284907174790956,26.634253394186203,3.7562619405612994
21.400706224188973,26.716002838155553,3.736042134033287
21.516505394219358,26.799403481913394,3.7142030995931474
21.632249806804573,26.88515967382269,3.6906636415835625
21.747871171249976,26.973876366570913,3.6655274429592173
21.863281530724187,27.066023153454022,3.639053210004485
21.978367008739426,27.161898304660454,3.6116248170511076
22.092981555631887,27.261592803555047,3.583721451195883
22.20694069504209,27.364954382963056,3.555887757018345
22.32001527039521,27.471551561454117,3.528703981298449
22.431959551994083,27.58071333610769,3.502750628131481
22.542647761367874,27.69184511130166,3.478523444418242
22.65203476374669,27.804404938300703,3.4563699642675934
22.760126559692054,27.917866524765635,3.4364927088334754
22.86697527553008,28.03172895413411,3.4189585290550717
22.972674153784574,28.145526405001256,3.403707948396973
23.077352543610196,28.25883787050033,3.390564505589344
23.181170891225563,28.37129687768342,3.3792440973680824
23.284315730346428,28.48260120690206,3.369364321214992
23.386997215304582,28.59253264552614,3.3604590227934477
23.489448304257312,28.70099629077791,3.3520446186708
23.59190140655368,28.807987715873665,3.3436852984087713
23.694570042541546,28.9135681608594,3.3350055684449456
23.79763338229537,29.017848605342586,3.325697557320205
23.901220784344055,29.12097384122393,3.3155283209061723
24.005396334398757,29.223106545429182,3.3043471476326376
24.11014338408072,29.32441135264088,3.2920928637150073
24.215349089649123,29.42503892803014,3.2788011383817297
24.320806990547922,29.525124073188966,3.2646070473970004
24.42628839250912,29.624832186700182,3.2496985051709197
24.531541733580475,29.724342256078103,3.2342626251134456
24.63629191813621,29.823833610862607,3.2184756397141685
24.74025080704954,29.923482249565335,3.2024973480311836
24.843127707865104,30.023457166615923,3.186465563179963
24.94463986497148,30.123916679308174,3.1704905598222295
25.044522949773633,30.225004754746287,3.154649521654826
25.142541550865413,30.326847336791097,3.138980988898589
25.238497897163786,30.429544766157658,3.1234854661403855
25.332240272968647,30.533154437496314,3.10818586631175
25.423679711051182,30.637698122289578,3.0931806641630963
25.512793041881963,30.743167387269136,3.078631469567506
25.599622842242262,30.84952589183798,3.064744219546986
25.684277383835344,30.956711685492543,3.051750370298725
25.766930581897782,31.06463950524481,3.0398880892213502
25.847821943810732,31.173203073044487,3.0293834469411793
25.92725651771127,31.28227739320109,3.0204316093384778
26.00561131300666,31.391720711311233,3.013177811940394
26.08334432110139,31.501380531458334,3.007699678587595
26.160950250199853,31.611105950351636,3.0040040626046203
26.23893727840357,31.720753027719788,3.0020339856691245
26.31781212051952,31.830188716007807,3.0016762343903247
26.39806509486852,31.939294790074012,3.002768956887439
26.480155190093594,32.04797177688695,3.005109259368134
26.56449513196831,32.15614288522233,3.0084608027069626
26.651436450205175,32.263757935360005,3.0125613990238094
26.74124581275105,32.37080062465322,3.017131871776813
26.834062256969336,32.477299807150814,3.0218968934668897
26.92991617376517,32.58331496312532,3.026603111017883
27.028745046516768,32.688928102893286,3.031023156562255
27.130402043285812,32.794239248531994,3.034958312520657
27.234664609027853,32.89936191559612,3.0382411766814976
27.341243057802686,33.004418594834405,3.0407383272805095
27.449789164984757,33.109536233906375,3.04235298808032
27.559904759473547,33.21484171909899,3.0430276934500173
27.67114007791987,33.320455843419666,3.042746150197976
27.782991226999624,33.426481415894784,3.041526690263692
27.894974324177337,33.53300044380801,3.039414169631156
28.006650411560187,33.64007488485495,3.0364790521941325
28.117635298272216,33.747746828545324,3.032817249783986
28.22760940282858,33.8560386776051,3.0285499621975065
28.336327595509808,33.96495332937858,3.023823517224737
28.44362904073601,34.074474357230606,3.018809210676799
28.549447039441134,34.184566191948655,3.013703146413719
28.653998022380026,34.295145389321426,3.0087234442022286
28.75806677786122,34.4060422934785,3.004081340406789
28.86208000843045,34.51715973853307,2.99995317363103
28.965997718499057,34.62848757391565,2.9964791747596538
29.06945591255718,34.74007481867715,2.993764915987035
29.17190929338695,34.852001815792015,2.9918827598458284
29.272773960275657,34.964352386461314,2.990873308235566
29.37157010722894,35.07718598441589,2.990746851451265
29.46806472118396,35.190509850219414,2.991484817212027
29.56233963812266,35.30426734852786,2.993046323631604
29.654597882209682,35.418380864032954,2.995422919756328
29.74523029233903,35.53273400347749,2.9986815622125818
29.834786801855646,35.647174829127465,3.0029501357671253
29.923889713192082,35.761531922477744,3.008397513463941
30.013146972505226,35.87563044795784,3.0152136167610752
30.10306544431296,35.98930821663755,3.0235894756674795
30.19396418613084,36.10243174993276,3.0336972888798526
30.28588772310881,36.21491234331106,3.0456704839194852
30.378567115416907,36.326707740382474,3.059580011086001
30.471594383046096,36.43777200581438,3.075378439949363
30.56445188769205,36.548067310013636,3.0928665963649475
30.656519958527188,36.657573512537134,3.111710156150365
30.747108799368977,36.766288315877794,3.1314606879915257
30.835490395848392,36.87422741925046,3.1515766963487093
30.920930422578245,36.98142467237788,3.1714446643626344
31.002720150321558,37.08793222927667,3.1904000967605244
31.08020835315996,37.193820702043254,3.2077485627621796
31.152850077317243,37.29917436601175,3.222794048533536
31.220286632606793,37.40408700792957,3.2349363758326453
31.28230730961176,37.50869159428515,3.2437519998652515
31.3388316502925,37.613160035501,3.248992645779736
31.38990751332964,37.717694946783226,3.2505761319542676
31.43570913946698,37.82252140897145,3.2485771932839453
31.476535216854607,37.92787872938835,3.243218304467943
31.51280694639182,38.03401220268945,3.23486050329665
31.545066107070177,38.141164871712775,3.2239942139388225
31.573967008740688,38.24958825253199,3.21122362318841
31.600251689900777,38.359550902395036,3.197186759171746
31.624748068441587,38.471213358547544,3.182476283116325
31.64835118962788,38.58461248957489,3.167625140465347
31.67199834672342,38.699675967910785,3.1530986806405013
31.696644201616326,38.81623674234602,3.139286776804747
31.72323590544452,38.9340475105371,3.1264959456250923
31.752688219221042,39.052795191514875,3.114941467035381
31.785858634459483,39.172115398193284,3.104739503999064
31.82350627865504,39.291630794335006,3.095902876240177
31.866216839882362,39.41105383722064,3.0883756807985927
31.914436749881396,39.530152458519375,3.082077429547896
31.96849185226647,39.64873168039029,3.076915838101909
32.02859170219178,39.766634270993315,3.072796249145843
32.09483386601688,39.88374140000027,3.069631055767452
32.16720822097206,39.99997329410585,3.0673491247881826
32.24560125482391,40.11528989253863,3.0659052200943226
32.32980036554074,40.229691502572095,3.0652894259681576
32.419503875456584,40.34321200813317,3.0655338265866208
32.514353417838116,40.45588999949673,3.066689878369873
32.61394186842601,40.56777746403581,3.068798073426226
32.71781809576606,40.67894243691261,3.0718808364654984
32.825494870677616,40.789465808752695,3.0759379319417146
32.936456775721986,40.89943813331903,3.0809418711958148
33.050168114670825,41.00895643518606,3.086833319598358
33.16608082197461,41.118121017413856,3.093516503692226
33.28364237223097,41.22703226922222,3.1008546183353314
33.402306694370644,41.335789749816286,3.1086687984200907
33.52154771979977,41.44448987469777,3.116772861260622
33.6408480889022,41.5532096226664,3.1250085641924974
33.75969417272166,41.66200831980903,3.1332454974298214
33.877574467483655,41.770933647090644,3.1413774279580364
33.99397798911754,41.88002764794513,3.1493186434267297
34.108392667778396,41.989332735866306,3.1570002960424413
34.2203037423691,42.098897701998816,3.1643667464614724
34.32919215506221,42.20878372272897,3.1713719076826923
34.43452366000643,42.31907142869111,3.1779755749529928
34.535727713631545,42.429862169730264,3.184140062914455
34.632247550414235,42.54125706084659,3.189828687101768
34.723569385662216,42.65333903531551,3.19500539132238
34.80924126702497,42.766156840345275,3.1996344449134106
34.88889192600433,42.879709032734375,3.2036801399985535
34.96224962946511,42.99392797452907,3.2071064887449863
35.02916103114581,43.108663828680896,3.209876920620278
35.089610023169186,43.22366855470414,3.2119539796492935
35.143722434609124,43.33863328012036,3.213301400615247
35.191717121909925,43.4533944808402,3.213908435405618
35.233910779656284,43.56787052698606,3.213807829759644
35.270718820382015,43.682016424399734,3.2130665471570596
35.302647069153785,43.79581687061178,3.2117739213506082
35.330283458154724,43.909279310811016,3.21002980889856
35.3542897212681,44.0224269938139,3.2079327416972263
35.37539308866102,44.13529202803393,3.2055680795134744
35.394377981368,44.24790843745113,3.202996162517245
35.41207799500044,44.36030450326435,3.200243501987556
35.42935063210702,44.47249950321317,3.1973249563194575
35.44703412900022,44.58451205836046,3.194268396740977
35.465928495702066,44.69636159159754,3.191110349318814
35.48678099146247,44.80806794323739,3.1878886742362917
35.51027160027763,44.91965098660806,3.184635245071318
35.53699850640838,45.03113024364594,3.18136862807434
35.56746356989849,45.1425245004891,3.1780867614463046
35.60205780209307,45.25385142307057,3.1747596346166116
35.641036124356546,45.365127120988205,3.17132478518961
35.68447913762624,45.476366219151984,3.167711987515334
35.73233874424942,45.58758283676967,3.163872127883253
35.78446435640299,45.69879070002431,3.1597801866432222
35.84061774528762,45.81000306561976,3.1554355295252714
35.90048789032179,45.92123264432613,3.1508621989593864
35.96370582833588,46.032491524525255,3.1461092053952946
36.02985950276624,46.14379109575622,3.1412508186222508
36.0985086128493,46.25514197226079,3.1363868590888186
36.16920745006073,46.3665539964077,3.1316404131408655
36.241552555930895,46.478035786691244,3.1271304351828393
36.31518422423578,46.58959337648164,3.1229470217716004
36.38978529921751,46.701229970210264,3.119153903945929
36.46508520851525,46.81294593671967,3.1157935966054877
36.540863996096235,46.924738802613724,3.112892547889782
36.61695635518671,47.036603245607616,3.1104662885571166
36.69325566120289,47.14853108787798,3.1085245813635582
36.769718004681934,47.26051128941297,3.107076570441895
36.84636804962983,47.372529687211035,3.1061364107326632
36.92329782365475,47.4845689224976,3.1057326412667354
37.00064067091909,47.596610671384134,3.105913199687509
37.0785584396172,47.708636607516624,3.1067432587467096
37.1572325251439,47.82062896496999,3.108302450664474
37.236854913263166,47.93257110114239,3.1106820914894273
37.31761922327668,48.04444805964975,3.113982405458766
37.39971175119247,48.15624713322003,3.1183097493583376
37.483302512893516,48.26795842658764,3.123773836882722
37.56853132807812,48.379575739816175,3.130482398013047
37.655485688714506,48.49109781942386,3.1385110781168333
37.744213646804454,48.60252707077865,3.1478770064195905
37.83472865891512,48.713868863852625,3.158540015774544
37.92700948870786,48.82513118196029,3.17040653860771
38.02100010946725,48.93632427049685,3.1833335028629755
38.11660960662998,49.04746028567659,3.197132227947172
38.213712080313755,49.158552943271175,3.2115723206751543
38.31214654784631,49.269617167347874,3.226385571214875
38.411720201351436,49.38066872860304,3.241271380148871
38.51221813748635,49.4917236378408,3.255917907276298
38.61339437126827,49.60279739365187,3.270024914042713
38.714971686854355,49.71390450068668,3.283312218602707
38.81664507985911,49.82505802906828,3.295526671088182
38.91808519967169,49.936269173805385,3.306449128876623
39.018941791773344,50.04754681420535,3.315901431859369
39.118847140054754,50.1588970732872,3.3237533777098935
39.2174195091334,50.27032287719458,3.3299296971520738
39.314261274096864,50.38182333146803,3.3344170041346164
39.408952032018135,50.49339244296693,3.3372676731370143
39.50107987936133,50.60501937486005,3.33859207601434
39.59025597081007,50.71668948996603,3.3385447204380796
39.67612259548681,50.82838535522316,3.3373100606895676
39.75836125317222,50.94008774615925,3.3350883084534217
39.83670073052449,51.05177665136138,3.332081243610978
39.91092517729872,51.163432276945684,3.3284780250337285
39.980882182566276,51.27503605102727,3.324441001376752
40.04649914408243,51.386570452718075,3.320093405333506
40.10781275900571,51.4980184670737,3.3155277092080464
40.164939104421926,51.609371541153834,3.3108215156407805
40.21805766536552,51.72063218559328,3.306038723804428
40.2674037386039,51.8318149026573,3.30122904047661
40.313260836421726,51.94294711429704,3.2964274911124427
40.35595309040516,52.05407009020498,3.291653930917129
40.3958376552262,52.16523987587023,3.286912555918547
40.433297112426956,52.27652822063398,3.2821914140398434
40.4687253889136,52.3880271583107,3.2774633751422435
40.5024978295009,52.49986020831578,3.272701854521297
40.53497989693974,52.612166528084224,3.267897211877007
40.56652929471446,52.72508826439777,3.263058929022078
40.59749253142189,52.83876121511789,3.258216349088838
40.62820148515037,52.95330549091897,3.253419415736177
40.65896996785874,53.06881617702129,3.2487394123564703
40.690090289755325,53.185353994924135,3.2442697012825095
40.721829823677,53.302935964138904,3.240126462994433
40.754431289383334,53.42152956408651,3.2364470414121973
40.7881206061232,53.54103884556776,3.2333645054865414
40.823094160660425,53.661267111295366,3.2309828519927652
40.859515143154496,53.78191901523891,3.2293764972160908
40.897513752914776,53.90261090905825,3.228592181981875
40.93718740415471,54.022881188536815,3.2286508766858217
40.978600931746065,54.14220064001506,3.229549686324197
41.02178679697307,54.25998278682373,3.2312637555240347
41.06674529328671,54.37559423571729,3.2337481735733533
41.113436755169076,54.488316742684546,3.236941892830578
41.16176760799234,54.59726002152935,3.240790731298696
41.21163070741912,54.701611284057066,3.24526604548654
41.262913746331265,54.800730118389914,3.25036090781641
41.31549708752219,54.89418454619552,3.256084139449066
41.36925159638925,54.98178707991549,3.2624543431087103
41.42403647362609,55.06363077999396,3.2694939359079864
41.479697087915,55.140125312106115,3.2772231821729614
41.53606280861929,55.21203300438678,3.285654226268119
41.59294834401872,55.28066668339487,3.294783072957114
41.6501546448212,55.34826098743633,3.3045628979854147
41.70745491462186,55.41719666762231,3.314885009978058
41.764611827455,55.48970270016402,3.325584510424367
41.82140141507082,55.56775061079152,3.3364482379849507
41.877636954212306,55.65294879917249,3.347222712798694
41.93319285389193,55.746436863331,3.3576220807897545
41.98802854266842,55.848779924066164,3.367336057974557
42.04221235592353,55.95986294937096,3.3760378747687856
42.095912283127646,56.078892789859594,3.3833959410605496
42.14925419151257,56.2048751818064,3.3891214245779175
42.20231647997392,56.33671009919995,3.393010489991127
42.25514367701766,56.47319093816806,3.3949464180265565
42.30774204545908,56.613054298887434,3.394897842018599
42.36007518712179,56.7550297674931,3.3929169844615386
42.412059647536736,56.89788969798809,3.3891378935614265
42.46356052064128,57.04049899415291,3.38377467978796
42.514387053478025,57.18186489145512,3.377119752426355
42.56428335238609,57.32120252861671,3.369539231922945
42.61292421565623,57.45800775667867,3.361438818759164
42.659959423708464,57.59198479241451,3.3532242940142893
42.70503459577298,57.723006228963186,3.345287333821232
42.74780429206701,57.851091348091884,3.337993985352514
42.78794511597181,57.976384432459014,3.331673142806239
42.82516881620956,58.09913307787701,3.326605023392073
42.85923538902028,58.219666505575276,3.32300964331721
42.88996618033876,58.338373874463045,3.3210352937723577
42.91726802410875,58.45566445889847,3.320745357684605
42.94117610085903,58.571874837565474,3.3220935737194752
42.96181785786881,58.687279930547824,3.3249200885510826
42.97939268787387,58.80210127078695,3.328975440518598
42.99416234773779,58.91650216337378,3.333946832463333
43.00644137712332,59.030582844840595,3.339484404565826
43.01658751716358,59.14437564245269,3.3452275071829236
43.02499212913334,59.257840133500316,3.3508309736848627
43.03207061312034,59.37085830459033,3.3559913932923604
43.0382463178387,59.4832282375181,3.3604718128105224
43.043913276907084,59.594672055632415,3.364105924421974
43.04943472466745,59.70487405145309,3.3667824414799634
43.05514398719312,59.813499428928154,3.368434378787679
43.06134121931139,59.92020820768599,3.369029303617106
43.068290141626214,60.02466912728725,3.3685595867278773
43.07621477754086,60.12657355147684,3.3670326533861266
43.08529619028053,60.22564937243599,3.364461234383339
43.09566921991502,60.321674915034166,3.3608536170552084
